99	4851
0	1	19
0	2	16
0	3	18
0	4	18
0	5	17
0	6	16
0	7	16
0	8	17
0	9	17
0	10	17
0	11	15
0	12	17
0	13	17
0	14	17
0	15	17
0	16	16
0	17	17
0	18	16
0	19	17
0	20	17
0	21	17
0	22	18
0	23	17
0	24	17
0	25	17
0	26	17
0	27	14
0	28	17
0	29	17
0	30	18
0	31	17
0	32	17
0	33	17
0	34	17
0	35	18
0	36	17
0	37	17
0	38	17
0	39	16
0	40	18
0	41	16
0	42	14
0	43	16
0	44	10
0	45	10
0	46	9
0	47	10
0	48	8
0	49	8
0	50	9
0	51	10
0	52	9
0	53	9
0	54	10
0	55	10
0	56	10
0	57	11
0	58	10
0	59	10
0	60	9
0	61	9
0	62	9
0	63	13
0	64	14
0	65	12
0	66	10
0	67	11
0	68	10
0	69	9
0	70	10
0	71	9
0	72	10
0	73	10
0	74	9
0	75	8
0	76	10
0	77	8
0	78	12
0	79	11
0	80	8
0	81	9
0	82	11
0	83	9
0	84	12
0	85	14
0	86	8
0	87	9
0	88	10
0	89	10
0	90	10
0	91	9
0	92	10
0	93	10
0	94	10
0	95	10
0	96	11
0	97	8
0	98	9
1	2	16
1	3	17
1	4	18
1	5	16
1	6	16
1	7	15
1	8	17
1	9	17
1	10	17
1	11	15
1	12	17
1	13	17
1	14	17
1	15	16
1	16	17
1	17	16
1	18	16
1	19	17
1	20	17
1	21	17
1	22	17
1	23	16
1	24	17
1	25	17
1	26	17
1	27	15
1	28	17
1	29	17
1	30	18
1	31	17
1	32	17
1	33	16
1	34	17
1	35	17
1	36	17
1	37	17
1	38	17
1	39	15
1	40	17
1	41	16
1	42	14
1	43	16
1	44	11
1	45	11
1	46	9
1	47	11
1	48	9
1	49	9
1	50	9
1	51	10
1	52	10
1	53	10
1	54	10
1	55	10
1	56	10
1	57	11
1	58	10
1	59	11
1	60	9
1	61	10
1	62	9
1	63	13
1	64	13
1	65	12
1	66	10
1	67	12
1	68	10
1	69	10
1	70	10
1	71	9
1	72	10
1	73	10
1	74	9
1	75	9
1	76	11
1	77	9
1	78	13
1	79	11
1	80	8
1	81	9
1	82	12
1	83	10
1	84	13
1	85	14
1	86	9
1	87	10
1	88	10
1	89	10
1	90	10
1	91	10
1	92	11
1	93	11
1	94	10
1	95	10
1	96	11
1	97	9
1	98	9
2	3	18
2	4	17
2	5	18
2	6	16
2	7	16
2	8	16
2	9	16
2	10	17
2	11	15
2	12	18
2	13	18
2	14	18
2	15	17
2	16	15
2	17	18
2	18	18
2	19	18
2	20	18
2	21	18
2	22	18
2	23	17
2	24	15
2	25	15
2	26	16
2	27	12
2	28	18
2	29	17
2	30	17
2	31	18
2	32	18
2	33	18
2	34	18
2	35	16
2	36	18
2	37	18
2	38	18
2	39	17
2	40	17
2	41	16
2	42	13
2	43	16
2	44	7
2	45	7
2	46	6
2	47	7
2	48	6
2	49	7
2	50	6
2	51	7
2	52	7
2	53	7
2	54	7
2	55	7
2	56	7
2	57	8
2	58	7
2	59	7
2	60	6
2	61	6
2	62	6
2	63	11
2	64	11
2	65	9
2	66	7
2	67	8
2	68	7
2	69	6
2	70	7
2	71	6
2	72	7
2	73	7
2	74	6
2	75	7
2	76	7
2	77	6
2	78	10
2	79	8
2	80	6
2	81	6
2	82	8
2	83	7
2	84	10
2	85	12
2	86	6
2	87	7
2	88	7
2	89	7
2	90	7
2	91	7
2	92	7
2	93	7
2	94	7
2	95	7
2	96	8
2	97	6
2	98	6
3	4	17
3	5	17
3	6	16
3	7	16
3	8	17
3	9	17
3	10	18
3	11	16
3	12	17
3	13	18
3	14	18
3	15	17
3	16	16
3	17	18
3	18	17
3	19	18
3	20	18
3	21	18
3	22	18
3	23	17
3	24	16
3	25	16
3	26	17
3	27	13
3	28	18
3	29	17
3	30	18
3	31	18
3	32	18
3	33	18
3	34	18
3	35	17
3	36	18
3	37	18
3	38	18
3	39	16
3	40	18
3	41	16
3	42	14
3	43	17
3	44	9
3	45	9
3	46	7
3	47	8
3	48	8
3	49	8
3	50	8
3	51	9
3	52	8
3	53	8
3	54	8
3	55	8
3	56	8
3	57	10
3	58	8
3	59	9
3	60	7
3	61	8
3	62	8
3	63	12
3	64	13
3	65	10
3	66	8
3	67	10
3	68	8
3	69	8
3	70	8
3	71	7
3	72	8
3	73	8
3	74	8
3	75	8
3	76	9
3	77	8
3	78	11
3	79	10
3	80	7
3	81	7
3	82	10
3	83	8
3	84	12
3	85	13
3	86	7
3	87	8
3	88	8
3	89	9
3	90	8
3	91	8
3	92	9
3	93	9
3	94	8
3	95	8
3	96	10
3	97	7
3	98	7
4	5	16
4	6	17
4	7	16
4	8	17
4	9	17
4	10	17
4	11	16
4	12	17
4	13	17
4	14	17
4	15	17
4	16	17
4	17	17
4	18	17
4	19	17
4	20	17
4	21	18
4	22	18
4	23	17
4	24	16
4	25	16
4	26	17
4	27	14
4	28	17
4	29	17
4	30	18
4	31	18
4	32	17
4	33	17
4	34	17
4	35	18
4	36	17
4	37	18
4	38	17
4	39	16
4	40	18
4	41	16
4	42	14
4	43	16
4	44	10
4	45	10
4	46	8
4	47	9
4	48	8
4	49	8
4	50	8
4	51	9
4	52	9
4	53	9
4	54	9
4	55	9
4	56	9
4	57	10
4	58	9
4	59	9
4	60	8
4	61	9
4	62	8
4	63	13
4	64	13
4	65	11
4	66	9
4	67	10
4	68	9
4	69	8
4	70	9
4	71	8
4	72	9
4	73	9
4	74	8
4	75	8
4	76	10
4	77	8
4	78	12
4	79	10
4	80	8
4	81	8
4	82	11
4	83	9
4	84	12
4	85	13
4	86	8
4	87	9
4	88	10
4	89	9
4	90	9
4	91	8
4	92	10
4	93	10
4	94	9
4	95	9
4	96	10
4	97	8
4	98	9
5	6	16
5	7	16
5	8	16
5	9	16
5	10	17
5	11	15
5	12	18
5	13	18
5	14	18
5	15	17
5	16	15
5	17	17
5	18	17
5	19	17
5	20	18
5	21	18
5	22	17
5	23	17
5	24	15
5	25	15
5	26	16
5	27	12
5	28	17
5	29	17
5	30	17
5	31	17
5	32	18
5	33	17
5	34	18
5	35	16
5	36	18
5	37	18
5	38	18
5	39	17
5	40	17
5	41	15
5	42	13
5	43	17
5	44	8
5	45	8
5	46	6
5	47	7
5	48	6
5	49	7
5	50	6
5	51	7
5	52	7
5	53	7
5	54	7
5	55	7
5	56	7
5	57	8
5	58	7
5	59	7
5	60	6
5	61	7
5	62	7
5	63	11
5	64	12
5	65	9
5	66	7
5	67	8
5	68	7
5	69	7
5	70	7
5	71	7
5	72	7
5	73	8
5	74	7
5	75	7
5	76	8
5	77	7
5	78	10
5	79	9
5	80	7
5	81	7
5	82	9
5	83	7
5	84	10
5	85	13
5	86	6
5	87	8
5	88	8
5	89	7
5	90	7
5	91	7
5	92	8
5	93	8
5	94	7
5	95	7
5	96	9
5	97	6
5	98	7
6	7	15
6	8	16
6	9	16
6	10	16
6	11	15
6	12	16
6	13	16
6	14	17
6	15	16
6	16	15
6	17	16
6	18	16
6	19	16
6	20	17
6	21	17
6	22	16
6	23	15
6	24	15
6	25	14
6	26	15
6	27	12
6	28	17
6	29	16
6	30	17
6	31	16
6	32	16
6	33	17
6	34	17
6	35	15
6	36	16
6	37	17
6	38	17
6	39	15
6	40	17
6	41	14
6	42	13
6	43	16
6	44	9
6	45	9
6	46	7
6	47	8
6	48	7
6	49	8
6	50	7
6	51	8
6	52	7
6	53	8
6	54	8
6	55	8
6	56	8
6	57	9
6	58	8
6	59	8
6	60	7
6	61	8
6	62	7
6	63	12
6	64	12
6	65	10
6	66	8
6	67	9
6	68	8
6	69	7
6	70	8
6	71	7
6	72	8
6	73	8
6	74	7
6	75	7
6	76	9
6	77	7
6	78	11
6	79	10
6	80	7
6	81	7
6	82	9
6	83	8
6	84	11
6	85	13
6	86	7
6	87	8
6	88	8
6	89	8
6	90	8
6	91	7
6	92	8
6	93	8
6	94	8
6	95	8
6	96	9
6	97	7
6	98	7
7	8	16
7	9	16
7	10	16
7	11	15
7	12	16
7	13	16
7	14	16
7	15	16
7	16	14
7	17	16
7	18	16
7	19	16
7	20	17
7	21	17
7	22	16
7	23	15
7	24	14
7	25	14
7	26	15
7	27	12
7	28	16
7	29	16
7	30	16
7	31	16
7	32	16
7	33	16
7	34	17
7	35	16
7	36	16
7	37	16
7	38	16
7	39	15
7	40	17
7	41	14
7	42	13
7	43	15
7	44	8
7	45	8
7	46	6
7	47	8
7	48	6
7	49	8
7	50	6
7	51	8
7	52	7
7	53	7
7	54	7
7	55	8
7	56	7
7	57	9
7	58	7
7	59	7
7	60	6
7	61	7
7	62	7
7	63	11
7	64	12
7	65	9
7	66	7
7	67	9
7	68	7
7	69	7
7	70	8
7	71	7
7	72	7
7	73	8
7	74	7
7	75	7
7	76	8
7	77	7
7	78	10
7	79	9
7	80	6
7	81	6
7	82	9
7	83	7
7	84	10
7	85	13
7	86	6
7	87	8
7	88	7
7	89	7
7	90	7
7	91	7
7	92	8
7	93	8
7	94	7
7	95	7
7	96	9
7	97	6
7	98	7
8	9	17
8	10	16
8	11	15
8	12	16
8	13	16
8	14	17
8	15	17
8	16	15
8	17	16
8	18	16
8	19	16
8	20	17
8	21	17
8	22	17
8	23	16
8	24	16
8	25	15
8	26	16
8	27	15
8	28	16
8	29	17
8	30	17
8	31	17
8	32	17
8	33	17
8	34	17
8	35	17
8	36	17
8	37	17
8	38	17
8	39	16
8	40	18
8	41	15
8	42	13
8	43	16
8	44	11
8	45	11
8	46	9
8	47	10
8	48	9
8	49	10
8	50	9
8	51	10
8	52	10
8	53	10
8	54	10
8	55	11
8	56	10
8	57	11
8	58	10
8	59	10
8	60	9
8	61	10
8	62	9
8	63	14
8	64	14
8	65	12
8	66	10
8	67	11
8	68	10
8	69	10
8	70	10
8	71	10
8	72	10
8	73	11
8	74	10
8	75	9
8	76	11
8	77	9
8	78	13
8	79	12
8	80	9
8	81	9
8	82	12
8	83	9
8	84	13
8	85	15
8	86	9
8	87	10
8	88	10
8	89	10
8	90	10
8	91	10
8	92	11
8	93	11
8	94	10
8	95	10
8	96	11
8	97	9
8	98	9
9	10	16
9	11	15
9	12	16
9	13	17
9	14	17
9	15	17
9	16	16
9	17	16
9	18	17
9	19	16
9	20	17
9	21	17
9	22	17
9	23	16
9	24	16
9	25	16
9	26	16
9	27	14
9	28	17
9	29	16
9	30	17
9	31	17
9	32	17
9	33	17
9	34	17
9	35	17
9	36	17
9	37	17
9	38	17
9	39	15
9	40	17
9	41	16
9	42	14
9	43	15
9	44	10
9	45	10
9	46	9
9	47	10
9	48	9
9	49	9
9	50	8
9	51	10
9	52	9
9	53	9
9	54	9
9	55	9
9	56	9
9	57	11
9	58	9
9	59	10
9	60	8
9	61	9
9	62	9
9	63	13
9	64	13
9	65	12
9	66	9
9	67	11
9	68	9
9	69	9
9	70	9
9	71	9
9	72	10
9	73	9
9	74	9
9	75	9
9	76	10
9	77	9
9	78	12
9	79	10
9	80	8
9	81	9
9	82	11
9	83	9
9	84	12
9	85	13
9	86	8
9	87	9
9	88	10
9	89	9
9	90	9
9	91	9
9	92	10
9	93	10
9	94	9
9	95	10
9	96	11
9	97	8
9	98	8
10	11	17
10	12	18
10	13	18
10	14	18
10	15	17
10	16	16
10	17	18
10	18	18
10	19	18
10	20	18
10	21	18
10	22	17
10	23	17
10	24	15
10	25	15
10	26	16
10	27	12
10	28	18
10	29	17
10	30	18
10	31	18
10	32	18
10	33	18
10	34	19
10	35	17
10	36	19
10	37	18
10	38	18
10	39	17
10	40	17
10	41	16
10	42	14
10	43	17
10	44	8
10	45	8
10	46	6
10	47	8
10	48	6
10	49	7
10	50	6
10	51	8
10	52	7
10	53	7
10	54	7
10	55	8
10	56	7
10	57	9
10	58	7
10	59	8
10	60	6
10	61	7
10	62	7
10	63	11
10	64	12
10	65	10
10	66	7
10	67	8
10	68	8
10	69	7
10	70	8
10	71	7
10	72	7
10	73	8
10	74	7
10	75	7
10	76	8
10	77	7
10	78	11
10	79	9
10	80	6
10	81	6
10	82	9
10	83	7
10	84	11
10	85	13
10	86	6
10	87	8
10	88	8
10	89	7
10	90	7
10	91	7
10	92	8
10	93	8
10	94	7
10	95	7
10	96	9
10	97	6
10	98	7
11	12	16
11	13	17
11	14	16
11	15	15
11	16	15
11	17	16
11	18	16
11	19	16
11	20	17
11	21	17
11	22	16
11	23	15
11	24	14
11	25	14
11	26	15
11	27	11
11	28	16
11	29	15
11	30	16
11	31	16
11	32	16
11	33	16
11	34	16
11	35	15
11	36	16
11	37	16
11	38	16
11	39	15
11	40	16
11	41	14
11	42	12
11	43	15
11	44	8
11	45	9
11	46	6
11	47	8
11	48	6
11	49	7
11	50	7
11	51	8
11	52	7
11	53	7
11	54	7
11	55	8
11	56	8
11	57	9
11	58	8
11	59	8
11	60	6
11	61	7
11	62	7
11	63	11
11	64	11
11	65	9
11	66	8
11	67	8
11	68	8
11	69	7
11	70	7
11	71	7
11	72	8
11	73	8
11	74	7
11	75	7
11	76	8
11	77	6
11	78	10
11	79	9
11	80	6
11	81	6
11	82	9
11	83	7
11	84	11
11	85	12
11	86	6
11	87	8
11	88	8
11	89	7
11	90	7
11	91	7
11	92	8
11	93	8
11	94	8
11	95	7
11	96	9
11	97	7
11	98	7
12	13	19
12	14	18
12	15	17
12	16	15
12	17	18
12	18	18
12	19	18
12	20	18
12	21	18
12	22	17
12	23	18
12	24	15
12	25	16
12	26	17
12	27	12
12	28	18
12	29	17
12	30	18
12	31	18
12	32	17
12	33	18
12	34	18
12	35	17
12	36	19
12	37	18
12	38	18
12	39	17
12	40	17
12	41	16
12	42	14
12	43	17
12	44	8
12	45	8
12	46	6
12	47	7
12	48	6
12	49	7
12	50	6
12	51	7
12	52	7
12	53	7
12	54	7
12	55	7
12	56	7
12	57	8
12	58	7
12	59	7
12	60	6
12	61	7
12	62	6
12	63	11
12	64	12
12	65	9
12	66	7
12	67	8
12	68	7
12	69	7
12	70	7
12	71	6
12	72	7
12	73	7
12	74	6
12	75	7
12	76	8
12	77	6
12	78	10
12	79	8
12	80	6
12	81	6
12	82	9
12	83	7
12	84	11
12	85	13
12	86	6
12	87	7
12	88	8
12	89	7
12	90	7
12	91	6
12	92	8
12	93	8
12	94	7
12	95	7
12	96	8
12	97	6
12	98	6
13	14	19
13	15	18
13	16	16
13	17	19
13	18	18
13	19	18
13	20	19
13	21	19
13	22	18
13	23	18
13	24	16
13	25	16
13	26	17
13	27	12
13	28	19
13	29	18
13	30	19
13	31	18
13	32	18
13	33	18
13	34	19
13	35	17
13	36	19
13	37	19
13	38	19
13	39	17
13	40	18
13	41	16
13	42	14
13	43	17
13	44	8
13	45	8
13	46	6
13	47	7
13	48	6
13	49	7
13	50	7
13	51	7
13	52	7
13	53	7
13	54	7
13	55	7
13	56	7
13	57	9
13	58	7
13	59	7
13	60	6
13	61	7
13	62	7
13	63	12
13	64	12
13	65	10
13	66	7
13	67	9
13	68	7
13	69	7
13	70	7
13	71	7
13	72	7
13	73	7
13	74	7
13	75	7
13	76	8
13	77	6
13	78	11
13	79	9
13	80	6
13	81	6
13	82	9
13	83	7
13	84	11
13	85	13
13	86	6
13	87	7
13	88	8
13	89	7
13	90	7
13	91	7
13	92	8
13	93	8
13	94	7
13	95	7
13	96	8
13	97	6
13	98	7
14	15	18
14	16	16
14	17	18
14	18	18
14	19	18
14	20	18
14	21	18
14	22	18
14	23	18
14	24	16
14	25	16
14	26	17
14	27	12
14	28	18
14	29	17
14	30	18
14	31	18
14	32	18
14	33	18
14	34	19
14	35	17
14	36	18
14	37	19
14	38	18
14	39	17
14	40	18
14	41	16
14	42	14
14	43	17
14	44	8
14	45	8
14	46	7
14	47	7
14	48	7
14	49	7
14	50	7
14	51	8
14	52	7
14	53	7
14	54	8
14	55	8
14	56	7
14	57	9
14	58	8
14	59	8
14	60	6
14	61	7
14	62	7
14	63	12
14	64	12
14	65	10
14	66	8
14	67	9
14	68	7
14	69	7
14	70	8
14	71	7
14	72	7
14	73	8
14	74	7
14	75	7
14	76	8
14	77	7
14	78	11
14	79	9
14	80	7
14	81	7
14	82	9
14	83	7
14	84	11
14	85	13
14	86	6
14	87	8
14	88	8
14	89	8
14	90	7
14	91	7
14	92	8
14	93	8
14	94	7
14	95	8
14	96	9
14	97	7
14	98	7
15	16	16
15	17	17
15	18	17
15	19	17
15	20	18
15	21	18
15	22	18
15	23	17
15	24	16
15	25	16
15	26	17
15	27	13
15	28	17
15	29	17
15	30	18
15	31	18
15	32	18
15	33	18
15	34	18
15	35	17
15	36	17
15	37	17
15	38	17
15	39	17
15	40	18
15	41	15
15	42	14
15	43	16
15	44	9
15	45	9
15	46	8
15	47	8
15	48	8
15	49	8
15	50	7
15	51	8
15	52	8
15	53	8
15	54	8
15	55	9
15	56	8
15	57	10
15	58	8
15	59	8
15	60	7
15	61	8
15	62	8
15	63	12
15	64	13
15	65	10
15	66	8
15	67	10
15	68	8
15	69	8
15	70	9
15	71	8
15	72	8
15	73	8
15	74	7
15	75	8
15	76	9
15	77	8
15	78	12
15	79	10
15	80	8
15	81	8
15	82	10
15	83	8
15	84	11
15	85	13
15	86	7
15	87	9
15	88	9
15	89	8
15	90	8
15	91	8
15	92	9
15	93	8
15	94	8
15	95	8
15	96	9
15	97	7
15	98	8
16	17	15
16	18	16
16	19	16
16	20	16
16	21	16
16	22	16
16	23	15
16	24	16
16	25	15
16	26	16
16	27	14
16	28	16
16	29	16
16	30	17
16	31	16
16	32	16
16	33	15
16	34	16
16	35	16
16	36	16
16	37	16
16	38	16
16	39	15
16	40	16
16	41	15
16	42	13
16	43	15
16	44	11
16	45	11
16	46	9
16	47	10
16	48	9
16	49	9
16	50	9
16	51	10
16	52	10
16	53	10
16	54	10
16	55	10
16	56	10
16	57	11
16	58	10
16	59	10
16	60	9
16	61	10
16	62	10
16	63	13
16	64	13
16	65	11
16	66	10
16	67	11
16	68	10
16	69	9
16	70	10
16	71	9
16	72	10
16	73	10
16	74	9
16	75	9
16	76	11
16	77	9
16	78	12
16	79	11
16	80	9
16	81	9
16	82	11
16	83	10
16	84	13
16	85	13
16	86	9
16	87	10
16	88	10
16	89	10
16	90	10
16	91	10
16	92	11
16	93	10
16	94	10
16	95	10
16	96	11
16	97	9
16	98	9
17	18	18
17	19	18
17	20	19
17	21	18
17	22	18
17	23	17
17	24	15
17	25	15
17	26	17
17	27	11
17	28	19
17	29	17
17	30	18
17	31	18
17	32	18
17	33	18
17	34	19
17	35	17
17	36	19
17	37	18
17	38	18
17	39	17
17	40	17
17	41	16
17	42	14
17	43	17
17	44	7
17	45	8
17	46	6
17	47	7
17	48	6
17	49	7
17	50	6
17	51	7
17	52	6
17	53	6
17	54	7
17	55	7
17	56	7
17	57	8
17	58	7
17	59	7
17	60	6
17	61	6
17	62	6
17	63	11
17	64	12
17	65	9
17	66	7
17	67	8
17	68	7
17	69	6
17	70	7
17	71	6
17	72	7
17	73	7
17	74	7
17	75	6
17	76	7
17	77	6
17	78	10
17	79	8
17	80	6
17	81	6
17	82	9
17	83	6
17	84	11
17	85	13
17	86	5
17	87	7
17	88	7
17	89	7
17	90	7
17	91	6
17	92	7
17	93	7
17	94	7
17	95	7
17	96	8
17	97	6
17	98	6
18	19	17
18	20	18
18	21	18
18	22	18
18	23	17
18	24	15
18	25	15
18	26	16
18	27	12
18	28	18
18	29	17
18	30	18
18	31	18
18	32	18
18	33	18
18	34	18
18	35	16
18	36	18
18	37	18
18	38	18
18	39	17
18	40	18
18	41	15
18	42	14
18	43	17
18	44	8
18	45	8
18	46	6
18	47	7
18	48	6
18	49	7
18	50	6
18	51	8
18	52	7
18	53	7
18	54	7
18	55	7
18	56	7
18	57	9
18	58	7
18	59	7
18	60	6
18	61	7
18	62	7
18	63	11
18	64	12
18	65	9
18	66	7
18	67	8
18	68	7
18	69	6
18	70	7
18	71	6
18	72	7
18	73	7
18	74	7
18	75	7
18	76	8
18	77	7
18	78	11
18	79	9
18	80	6
18	81	6
18	82	9
18	83	7
18	84	11
18	85	13
18	86	6
18	87	8
18	88	8
18	89	7
18	90	7
18	91	7
18	92	8
18	93	8
18	94	7
18	95	7
18	96	9
18	97	6
18	98	7
19	20	18
19	21	18
19	22	18
19	23	17
19	24	15
19	25	16
19	26	17
19	27	12
19	28	18
19	29	17
19	30	18
19	31	18
19	32	18
19	33	17
19	34	18
19	35	17
19	36	18
19	37	17
19	38	18
19	39	17
19	40	17
19	41	16
19	42	14
19	43	17
19	44	8
19	45	8
19	46	6
19	47	8
19	48	6
19	49	7
19	50	7
19	51	8
19	52	7
19	53	7
19	54	7
19	55	8
19	56	7
19	57	9
19	58	7
19	59	8
19	60	6
19	61	7
19	62	7
19	63	12
19	64	12
19	65	10
19	66	8
19	67	8
19	68	7
19	69	7
19	70	7
19	71	7
19	72	7
19	73	8
19	74	7
19	75	7
19	76	8
19	77	7
19	78	11
19	79	9
19	80	6
19	81	6
19	82	9
19	83	7
19	84	11
19	85	13
19	86	6
19	87	7
19	88	8
19	89	7
19	90	7
19	91	7
19	92	8
19	93	8
19	94	7
19	95	7
19	96	9
19	97	6
19	98	6
20	21	19
20	22	18
20	23	18
20	24	16
20	25	16
20	26	17
20	27	12
20	28	19
20	29	17
20	30	19
20	31	18
20	32	19
20	33	18
20	34	20
20	35	17
20	36	19
20	37	18
20	38	19
20	39	17
20	40	18
20	41	16
20	42	14
20	43	17
20	44	8
20	45	8
20	46	6
20	47	8
20	48	6
20	49	7
20	50	7
20	51	8
20	52	7
20	53	7
20	54	7
20	55	8
20	56	7
20	57	9
20	58	7
20	59	8
20	60	6
20	61	7
20	62	7
20	63	12
20	64	12
20	65	10
20	66	8
20	67	9
20	68	8
20	69	7
20	70	7
20	71	7
20	72	7
20	73	8
20	74	7
20	75	7
20	76	8
20	77	6
20	78	11
20	79	9
20	80	6
20	81	6
20	82	9
20	83	7
20	84	11
20	85	13
20	86	6
20	87	7
20	88	8
20	89	7
20	90	7
20	91	7
20	92	8
20	93	8
20	94	7
20	95	7
20	96	9
20	97	6
20	98	6
21	22	19
21	23	18
21	24	16
21	25	16
21	26	17
21	27	13
21	28	18
21	29	18
21	30	19
21	31	18
21	32	18
21	33	19
21	34	19
21	35	17
21	36	19
21	37	18
21	38	19
21	39	18
21	40	18
21	41	16
21	42	14
21	43	17
21	44	8
21	45	9
21	46	7
21	47	8
21	48	7
21	49	7
21	50	7
21	51	8
21	52	7
21	53	7
21	54	8
21	55	8
21	56	8
21	57	9
21	58	8
21	59	8
21	60	6
21	61	7
21	62	7
21	63	12
21	64	12
21	65	10
21	66	8
21	67	9
21	68	8
21	69	7
21	70	8
21	71	7
21	72	8
21	73	8
21	74	7
21	75	7
21	76	8
21	77	7
21	78	11
21	79	9
21	80	7
21	81	7
21	82	9
21	83	7
21	84	11
21	85	13
21	86	6
21	87	8
21	88	8
21	89	8
21	90	8
21	91	7
21	92	8
21	93	8
21	94	8
21	95	8
21	96	9
21	97	7
21	98	7
22	23	18
22	24	16
22	25	16
22	26	17
22	27	13
22	28	18
22	29	17
22	30	18
22	31	18
22	32	18
22	33	18
22	34	18
22	35	18
22	36	18
22	37	18
22	38	18
22	39	17
22	40	18
22	41	16
22	42	14
22	43	16
22	44	8
22	45	9
22	46	7
22	47	8
22	48	7
22	49	8
22	50	7
22	51	8
22	52	8
22	53	8
22	54	8
22	55	8
22	56	8
22	57	9
22	58	8
22	59	8
22	60	7
22	61	8
22	62	8
22	63	12
22	64	13
22	65	10
22	66	8
22	67	10
22	68	8
22	69	8
22	70	8
22	71	8
22	72	8
22	73	8
22	74	7
22	75	8
22	76	9
22	77	8
22	78	11
22	79	10
22	80	7
22	81	8
22	82	10
22	83	8
22	84	11
22	85	13
22	86	7
22	87	8
22	88	9
22	89	8
22	90	8
22	91	8
22	92	9
22	93	8
22	94	8
22	95	8
22	96	9
22	97	7
22	98	8
23	24	15
23	25	15
23	26	16
23	27	12
23	28	17
23	29	16
23	30	17
23	31	17
23	32	17
23	33	17
23	34	18
23	35	17
23	36	18
23	37	17
23	38	17
23	39	17
23	40	17
23	41	16
23	42	13
23	43	16
23	44	8
23	45	8
23	46	6
23	47	7
23	48	6
23	49	7
23	50	6
23	51	7
23	52	7
23	53	7
23	54	7
23	55	8
23	56	7
23	57	9
23	58	7
23	59	7
23	60	6
23	61	7
23	62	7
23	63	11
23	64	12
23	65	10
23	66	7
23	67	9
23	68	8
23	69	7
23	70	8
23	71	7
23	72	8
23	73	8
23	74	7
23	75	7
23	76	8
23	77	7
23	78	11
23	79	9
23	80	6
23	81	6
23	82	9
23	83	7
23	84	11
23	85	12
23	86	6
23	87	7
23	88	8
23	89	7
23	90	7
23	91	7
23	92	8
23	93	8
23	94	7
23	95	7
23	96	9
23	97	6
23	98	7
24	25	16
24	26	16
24	27	14
24	28	15
24	29	16
24	30	16
24	31	16
24	32	16
24	33	15
24	34	16
24	35	17
24	36	16
24	37	16
24	38	16
24	39	15
24	40	16
24	41	15
24	42	13
24	43	15
24	44	10
24	45	11
24	46	9
24	47	10
24	48	8
24	49	8
24	50	9
24	51	10
24	52	9
24	53	9
24	54	10
24	55	10
24	56	10
24	57	11
24	58	10
24	59	10
24	60	9
24	61	9
24	62	9
24	63	13
24	64	13
24	65	12
24	66	10
24	67	11
24	68	10
24	69	9
24	70	10
24	71	9
24	72	10
24	73	10
24	74	8
24	75	8
24	76	10
24	77	9
24	78	12
24	79	11
24	80	8
24	81	9
24	82	11
24	83	9
24	84	12
24	85	13
24	86	8
24	87	9
24	88	10
24	89	10
24	90	10
24	91	9
24	92	10
24	93	10
24	94	10
24	95	10
24	96	11
24	97	9
24	98	9
25	26	18
25	27	14
25	28	15
25	29	16
25	30	16
25	31	16
25	32	16
25	33	16
25	34	16
25	35	17
25	36	16
25	37	16
25	38	16
25	39	15
25	40	16
25	41	16
25	42	13
25	43	15
25	44	10
25	45	10
25	46	9
25	47	10
25	48	9
25	49	8
25	50	9
25	51	9
25	52	10
25	53	9
25	54	10
25	55	10
25	56	10
25	57	10
25	58	10
25	59	10
25	60	9
25	61	10
25	62	9
25	63	13
25	64	13
25	65	12
25	66	10
25	67	11
25	68	10
25	69	9
25	70	10
25	71	9
25	72	10
25	73	10
25	74	9
25	75	9
25	76	10
25	77	9
25	78	12
25	79	11
25	80	9
25	81	9
25	82	11
25	83	9
25	84	12
25	85	13
25	86	9
25	87	9
25	88	10
25	89	10
25	90	10
25	91	9
25	92	10
25	93	10
25	94	10
25	95	9
25	96	10
25	97	9
25	98	9
26	27	14
26	28	17
26	29	17
26	30	17
26	31	17
26	32	17
26	33	17
26	34	17
26	35	17
26	36	17
26	37	16
26	38	17
26	39	16
26	40	17
26	41	17
26	42	14
26	43	16
26	44	9
26	45	9
26	46	8
26	47	9
26	48	8
26	49	7
26	50	8
26	51	8
26	52	9
26	53	8
26	54	9
26	55	9
26	56	9
26	57	9
26	58	8
26	59	9
26	60	8
26	61	8
26	62	8
26	63	12
26	64	12
26	65	11
26	66	9
26	67	10
26	68	9
26	69	8
26	70	9
26	71	8
26	72	9
26	73	8
26	74	8
26	75	8
26	76	9
26	77	8
26	78	11
26	79	10
26	80	8
26	81	8
26	82	10
26	83	9
26	84	11
26	85	12
26	86	8
26	87	8
26	88	10
26	89	9
26	90	9
26	91	8
26	92	9
26	93	9
26	94	9
26	95	9
26	96	9
26	97	8
26	98	8
27	28	11
27	29	13
27	30	13
27	31	13
27	32	13
27	33	12
27	34	12
27	35	14
27	36	12
27	37	13
27	38	13
27	39	11
27	40	14
27	41	14
27	42	10
27	43	12
27	44	14
27	45	14
27	46	14
27	47	15
27	48	14
27	49	12
27	50	14
27	51	13
27	52	14
27	53	15
27	54	15
27	55	14
27	56	15
27	57	14
27	58	14
27	59	15
27	60	14
27	61	14
27	62	14
27	63	15
27	64	14
27	65	15
27	66	15
27	67	15
27	68	14
27	69	14
27	70	15
27	71	14
27	72	15
27	73	14
27	74	13
27	75	12
27	76	14
27	77	14
27	78	15
27	79	14
27	80	14
27	81	14
27	82	15
27	83	14
27	84	14
27	85	13
27	86	14
27	87	13
27	88	15
27	89	14
27	90	14
27	91	14
27	92	15
27	93	14
27	94	15
27	95	15
27	96	14
27	97	14
27	98	14
28	29	17
28	30	18
28	31	18
28	32	18
28	33	18
28	34	19
28	35	17
28	36	19
28	37	18
28	38	18
28	39	17
28	40	17
28	41	16
28	42	14
28	43	17
28	44	8
28	45	8
28	46	6
28	47	7
28	48	6
28	49	7
28	50	6
28	51	8
28	52	7
28	53	6
28	54	7
28	55	7
28	56	7
28	57	8
28	58	7
28	59	7
28	60	6
28	61	7
28	62	6
28	63	12
28	64	12
28	65	9
28	66	7
28	67	8
28	68	7
28	69	6
28	70	7
28	71	6
28	72	7
28	73	7
28	74	7
28	75	7
28	76	8
28	77	6
28	78	11
28	79	9
28	80	6
28	81	6
28	82	9
28	83	7
28	84	11
28	85	13
28	86	6
28	87	7
28	88	7
28	89	7
28	90	7
28	91	6
28	92	8
28	93	7
28	94	7
28	95	7
28	96	9
28	97	6
28	98	6
29	30	18
29	31	17
29	32	17
29	33	17
29	34	18
29	35	17
29	36	18
29	37	18
29	38	18
29	39	17
29	40	17
29	41	15
29	42	13
29	43	17
29	44	9
29	45	9
29	46	7
29	47	8
29	48	7
29	49	8
29	50	8
29	51	8
29	52	8
29	53	8
29	54	8
29	55	9
29	56	8
29	57	10
29	58	9
29	59	9
29	60	7
29	61	8
29	62	7
29	63	12
29	64	12
29	65	10
29	66	8
29	67	10
29	68	8
29	69	7
29	70	9
29	71	8
29	72	8
29	73	9
29	74	8
29	75	8
29	76	9
29	77	8
29	78	12
29	79	10
29	80	8
29	81	8
29	82	10
29	83	8
29	84	11
29	85	14
29	86	7
29	87	9
29	88	9
29	89	9
29	90	8
29	91	8
29	92	9
29	93	9
29	94	8
29	95	8
29	96	10
29	97	7
29	98	8
30	31	18
30	32	18
30	33	18
30	34	19
30	35	18
30	36	19
30	37	18
30	38	19
30	39	17
30	40	18
30	41	16
30	42	14
30	43	17
30	44	9
30	45	9
30	46	7
30	47	9
30	48	7
30	49	8
30	50	7
30	51	9
30	52	8
30	53	8
30	54	8
30	55	8
30	56	8
30	57	10
30	58	9
30	59	8
30	60	7
30	61	8
30	62	8
30	63	12
30	64	13
30	65	11
30	66	8
30	67	10
30	68	8
30	69	8
30	70	8
30	71	8
30	72	8
30	73	9
30	74	8
30	75	7
30	76	9
30	77	8
30	78	11
30	79	10
30	80	7
30	81	7
30	82	10
30	83	8
30	84	12
30	85	14
30	86	7
30	87	9
30	88	9
30	89	8
30	90	8
30	91	8
30	92	9
30	93	9
30	94	8
30	95	8
30	96	10
30	97	7
30	98	8
31	32	19
31	33	18
31	34	18
31	35	17
31	36	18
31	37	18
31	38	18
31	39	17
31	40	18
31	41	16
31	42	14
31	43	17
31	44	8
31	45	8
31	46	7
31	47	8
31	48	7
31	49	8
31	50	7
31	51	8
31	52	7
31	53	7
31	54	8
31	55	8
31	56	8
31	57	9
31	58	8
31	59	8
31	60	6
31	61	7
31	62	7
31	63	12
31	64	12
31	65	10
31	66	8
31	67	9
31	68	8
31	69	7
31	70	8
31	71	7
31	72	8
31	73	8
31	74	7
31	75	7
31	76	8
31	77	7
31	78	11
31	79	9
31	80	7
31	81	7
31	82	10
31	83	8
31	84	11
31	85	13
31	86	6
31	87	8
31	88	8
31	89	8
31	90	8
31	91	7
31	92	8
31	93	8
31	94	8
31	95	8
31	96	9
31	97	7
31	98	7
32	33	18
32	34	19
32	35	17
32	36	18
32	37	18
32	38	18
32	39	17
32	40	18
32	41	16
32	42	14
32	43	17
32	44	8
32	45	9
32	46	7
32	47	8
32	48	7
32	49	8
32	50	7
32	51	8
32	52	7
32	53	7
32	54	8
32	55	8
32	56	8
32	57	9
32	58	8
32	59	8
32	60	7
32	61	7
32	62	7
32	63	12
32	64	13
32	65	10
32	66	8
32	67	9
32	68	8
32	69	7
32	70	8
32	71	7
32	72	8
32	73	8
32	74	8
32	75	8
32	76	8
32	77	7
32	78	11
32	79	9
32	80	7
32	81	7
32	82	10
32	83	8
32	84	11
32	85	13
32	86	7
32	87	8
32	88	8
32	89	8
32	90	8
32	91	8
32	92	9
32	93	8
32	94	8
32	95	8
32	96	9
32	97	7
32	98	7
33	34	19
33	35	16
33	36	18
33	37	18
33	38	19
33	39	18
33	40	18
33	41	16
33	42	14
33	43	17
33	44	8
33	45	8
33	46	7
33	47	8
33	48	7
33	49	8
33	50	7
33	51	8
33	52	7
33	53	7
33	54	8
33	55	8
33	56	8
33	57	9
33	58	8
33	59	8
33	60	6
33	61	7
33	62	7
33	63	12
33	64	12
33	65	10
33	66	8
33	67	9
33	68	7
33	69	7
33	70	8
33	71	7
33	72	8
33	73	7
33	74	7
33	75	8
33	76	8
33	77	7
33	78	11
33	79	9
33	80	7
33	81	7
33	82	10
33	83	7
33	84	11
33	85	13
33	86	7
33	87	8
33	88	8
33	89	8
33	90	8
33	91	7
33	92	8
33	93	8
33	94	7
33	95	7
33	96	9
33	97	6
33	98	7
34	35	17
34	36	19
34	37	18
34	38	19
34	39	18
34	40	18
34	41	16
34	42	14
34	43	18
34	44	8
34	45	8
34	46	6
34	47	8
34	48	6
34	49	7
34	50	7
34	51	8
34	52	7
34	53	7
34	54	7
34	55	8
34	56	8
34	57	9
34	58	7
34	59	8
34	60	6
34	61	7
34	62	7
34	63	12
34	64	12
34	65	10
34	66	8
34	67	9
34	68	8
34	69	7
34	70	7
34	71	7
34	72	8
34	73	8
34	74	7
34	75	7
34	76	8
34	77	7
34	78	11
34	79	9
34	80	6
34	81	6
34	82	9
34	83	7
34	84	11
34	85	14
34	86	6
34	87	7
34	88	8
34	89	8
34	90	7
34	91	7
34	92	8
34	93	8
34	94	7
34	95	7
34	96	9
34	97	7
34	98	7
35	36	17
35	37	17
35	38	17
35	39	16
35	40	18
35	41	16
35	42	14
35	43	16
35	44	10
35	45	10
35	46	8
35	47	10
35	48	8
35	49	8
35	50	9
35	51	9
35	52	9
35	53	9
35	54	10
35	55	10
35	56	10
35	57	11
35	58	9
35	59	10
35	60	8
35	61	9
35	62	9
35	63	13
35	64	14
35	65	12
35	66	10
35	67	11
35	68	10
35	69	9
35	70	10
35	71	9
35	72	10
35	73	9
35	74	9
35	75	8
35	76	10
35	77	9
35	78	12
35	79	11
35	80	8
35	81	8
35	82	11
35	83	9
35	84	12
35	85	13
35	86	8
35	87	9
35	88	10
35	89	9
35	90	9
35	91	9
35	92	10
35	93	10
35	94	9
35	95	9
35	96	10
35	97	9
35	98	9
36	37	18
36	38	19
36	39	18
36	40	18
36	41	16
36	42	14
36	43	18
36	44	8
36	45	8
36	46	6
36	47	8
36	48	6
36	49	7
36	50	7
36	51	8
36	52	7
36	53	7
36	54	7
36	55	8
36	56	7
36	57	9
36	58	7
36	59	8
36	60	6
36	61	7
36	62	7
36	63	12
36	64	12
36	65	10
36	66	8
36	67	9
36	68	8
36	69	7
36	70	8
36	71	7
36	72	7
36	73	8
36	74	7
36	75	7
36	76	8
36	77	7
36	78	11
36	79	9
36	80	6
36	81	6
36	82	9
36	83	7
36	84	11
36	85	13
36	86	6
36	87	7
36	88	8
36	89	7
36	90	7
36	91	7
36	92	8
36	93	8
36	94	7
36	95	7
36	96	9
36	97	6
36	98	7
37	38	19
37	39	17
37	40	18
37	41	16
37	42	14
37	43	17
37	44	9
37	45	9
37	46	7
37	47	8
37	48	7
37	49	8
37	50	7
37	51	8
37	52	8
37	53	8
37	54	8
37	55	8
37	56	8
37	57	10
37	58	8
37	59	8
37	60	7
37	61	8
37	62	8
37	63	12
37	64	13
37	65	10
37	66	8
37	67	9
37	68	8
37	69	8
37	70	8
37	71	7
37	72	8
37	73	9
37	74	8
37	75	8
37	76	9
37	77	8
37	78	11
37	79	10
37	80	7
37	81	7
37	82	10
37	83	8
37	84	11
37	85	14
37	86	7
37	87	8
37	88	8
37	89	8
37	90	8
37	91	8
37	92	9
37	93	9
37	94	8
37	95	8
37	96	9
37	97	7
37	98	7
38	39	17
38	40	18
38	41	16
38	42	14
38	43	18
38	44	9
38	45	9
38	46	7
38	47	8
38	48	7
38	49	7
38	50	7
38	51	8
38	52	8
38	53	8
38	54	8
38	55	8
38	56	8
38	57	10
38	58	8
38	59	8
38	60	7
38	61	8
38	62	7
38	63	12
38	64	12
38	65	11
38	66	8
38	67	9
38	68	8
38	69	8
38	70	8
38	71	7
38	72	8
38	73	8
38	74	7
38	75	7
38	76	9
38	77	7
38	78	11
38	79	10
38	80	6
38	81	7
38	82	10
38	83	8
38	84	11
38	85	14
38	86	7
38	87	8
38	88	8
38	89	8
38	90	8
38	91	7
38	92	9
38	93	9
38	94	8
38	95	8
38	96	9
38	97	7
38	98	7
39	40	17
39	41	15
39	42	13
39	43	16
39	44	7
39	45	7
39	46	6
39	47	7
39	48	7
39	49	8
39	50	6
39	51	7
39	52	6
39	53	7
39	54	7
39	55	7
39	56	7
39	57	8
39	58	7
39	59	7
39	60	6
39	61	7
39	62	6
39	63	11
39	64	12
39	65	9
39	66	7
39	67	8
39	68	6
39	69	6
39	70	7
39	71	7
39	72	7
39	73	7
39	74	7
39	75	8
39	76	7
39	77	7
39	78	10
39	79	8
39	80	7
39	81	6
39	82	8
39	83	7
39	84	10
39	85	13
39	86	6
39	87	8
39	88	7
39	89	7
39	90	7
39	91	6
39	92	7
39	93	7
39	94	7
39	95	7
39	96	8
39	97	6
39	98	7
40	41	16
40	42	14
40	43	17
40	44	9
40	45	9
40	46	8
40	47	9
40	48	8
40	49	8
40	50	8
40	51	9
40	52	8
40	53	8
40	54	9
40	55	9
40	56	9
40	57	10
40	58	9
40	59	9
40	60	8
40	61	8
40	62	8
40	63	13
40	64	13
40	65	11
40	66	9
40	67	10
40	68	9
40	69	8
40	70	9
40	71	8
40	72	9
40	73	9
40	74	8
40	75	8
40	76	9
40	77	8
40	78	12
40	79	10
40	80	8
40	81	8
40	82	10
40	83	8
40	84	12
40	85	14
40	86	8
40	87	9
40	88	9
40	89	9
40	90	9
40	91	8
40	92	9
40	93	9
40	94	9
40	95	9
40	96	10
40	97	8
40	98	8
41	42	13
41	43	15
41	44	9
41	45	9
41	46	8
41	47	10
41	48	8
41	49	7
41	50	9
41	51	8
41	52	9
41	53	9
41	54	9
41	55	9
41	56	9
41	57	9
41	58	8
41	59	9
41	60	8
41	61	9
41	62	9
41	63	12
41	64	12
41	65	10
41	66	9
41	67	11
41	68	9
41	69	8
41	70	9
41	71	9
41	72	9
41	73	8
41	74	8
41	75	8
41	76	9
41	77	8
41	78	11
41	79	10
41	80	8
41	81	8
41	82	10
41	83	9
41	84	11
41	85	12
41	86	8
41	87	8
41	88	10
41	89	9
41	90	9
41	91	9
41	92	10
41	93	9
41	94	9
41	95	9
41	96	9
41	97	8
41	98	9
42	43	13
42	44	6
42	45	7
42	46	5
42	47	6
42	48	5
42	49	5
42	50	6
42	51	6
42	52	6
42	53	6
42	54	6
42	55	6
42	56	6
42	57	7
42	58	6
42	59	6
42	60	5
42	61	6
42	62	6
42	63	10
42	64	10
42	65	8
42	66	6
42	67	7
42	68	6
42	69	6
42	70	6
42	71	6
42	72	6
42	73	6
42	74	6
42	75	6
42	76	6
42	77	6
42	78	8
42	79	7
42	80	5
42	81	5
42	82	7
42	83	6
42	84	9
42	85	10
42	86	5
42	87	6
42	88	7
42	89	6
42	90	6
42	91	6
42	92	7
42	93	6
42	94	6
42	95	6
42	96	7
42	97	6
42	98	6
43	44	8
43	45	8
43	46	6
43	47	7
43	48	6
43	49	7
43	50	6
43	51	7
43	52	7
43	53	7
43	54	7
43	55	7
43	56	7
43	57	9
43	58	7
43	59	7
43	60	6
43	61	7
43	62	6
43	63	11
43	64	12
43	65	10
43	66	8
43	67	9
43	68	7
43	69	7
43	70	7
43	71	7
43	72	7
43	73	8
43	74	7
43	75	7
43	76	8
43	77	6
43	78	11
43	79	9
43	80	6
43	81	6
43	82	9
43	83	7
43	84	11
43	85	13
43	86	6
43	87	7
43	88	7
43	89	7
43	90	7
43	91	6
43	92	8
43	93	8
43	94	7
43	95	7
43	96	9
43	97	6
43	98	6
44	45	19
44	46	17
44	47	17
44	48	17
44	49	15
44	50	17
44	51	17
44	52	17
44	53	17
44	54	18
44	55	17
44	56	17
44	57	18
44	58	17
44	59	18
44	60	17
44	61	18
44	62	16
44	63	16
44	64	15
44	65	16
44	66	18
44	67	17
44	68	18
44	69	16
44	70	17
44	71	17
44	72	17
44	73	17
44	74	16
44	75	15
44	76	18
44	77	16
44	78	16
44	79	17
44	80	16
44	81	16
44	82	17
44	83	17
44	84	16
44	85	13
44	86	16
44	87	17
44	88	17
44	89	17
44	90	18
44	91	17
44	92	18
44	93	18
44	94	18
44	95	17
44	96	18
44	97	16
44	98	16
45	46	17
45	47	18
45	48	17
45	49	15
45	50	17
45	51	18
45	52	17
45	53	17
45	54	18
45	55	17
45	56	18
45	57	18
45	58	18
45	59	18
45	60	17
45	61	18
45	62	16
45	63	16
45	64	15
45	65	17
45	66	18
45	67	17
45	68	19
45	69	17
45	70	18
45	71	17
45	72	18
45	73	18
45	74	17
45	75	16
45	76	18
45	77	16
45	78	16
45	79	17
45	80	16
45	81	16
45	82	18
45	83	17
45	84	16
45	85	13
45	86	17
45	87	17
45	88	17
45	89	18
45	90	18
45	91	17
45	92	18
45	93	19
45	94	18
45	95	17
45	96	18
45	97	17
45	98	17
46	47	18
46	48	18
46	49	15
46	50	19
46	51	17
46	52	18
46	53	18
46	54	18
46	55	18
46	56	18
46	57	16
46	58	18
46	59	18
46	60	18
46	61	19
46	62	18
46	63	14
46	64	13
46	65	15
46	66	18
46	67	17
46	68	18
46	69	17
46	70	17
46	71	18
46	72	18
46	73	17
46	74	17
46	75	17
46	76	17
46	77	18
46	78	15
46	79	16
46	80	18
46	81	18
46	82	16
46	83	17
46	84	14
46	85	11
46	86	19
46	87	17
46	88	18
46	89	18
46	90	18
46	91	19
46	92	17
46	93	17
46	94	17
46	95	18
46	96	16
46	97	18
46	98	18
47	48	17
47	49	14
47	50	18
47	51	17
47	52	18
47	53	18
47	54	18
47	55	18
47	56	19
47	57	17
47	58	17
47	59	18
47	60	18
47	61	18
47	62	17
47	63	15
47	64	14
47	65	16
47	66	18
47	67	17
47	68	18
47	69	17
47	70	18
47	71	17
47	72	18
47	73	17
47	74	16
47	75	16
47	76	17
47	77	17
47	78	15
47	79	17
47	80	17
47	81	17
47	82	17
47	83	17
47	84	15
47	85	12
47	86	17
47	87	17
47	88	17
47	89	17
47	90	18
47	91	18
47	92	18
47	93	18
47	94	18
47	95	18
47	96	17
47	97	17
47	98	17
48	49	16
48	50	19
48	51	17
48	52	18
48	53	18
48	54	18
48	55	18
48	56	18
48	57	17
48	58	17
48	59	18
48	60	18
48	61	18
48	62	17
48	63	14
48	64	13
48	65	15
48	66	17
48	67	16
48	68	17
48	69	16
48	70	17
48	71	18
48	72	18
48	73	17
48	74	18
48	75	18
48	76	16
48	77	18
48	78	14
48	79	16
48	80	18
48	81	18
48	82	16
48	83	17
48	84	14
48	85	11
48	86	19
48	87	17
48	88	17
48	89	18
48	90	18
48	91	18
48	92	17
48	93	17
48	94	17
48	95	18
48	96	16
48	97	17
48	98	18
49	50	15
49	51	15
49	52	14
49	53	15
49	54	15
49	55	15
49	56	15
49	57	15
49	58	16
49	59	14
49	60	14
49	61	15
49	62	14
49	63	14
49	64	13
49	65	13
49	66	14
49	67	13
49	68	14
49	69	13
49	70	14
49	71	15
49	72	14
49	73	15
49	74	16
49	75	15
49	76	14
49	77	15
49	78	14
49	79	14
49	80	15
49	81	14
49	82	14
49	83	14
49	84	13
49	85	12
49	86	15
49	87	16
49	88	14
49	89	15
49	90	15
49	91	15
49	92	14
49	93	15
49	94	14
49	95	15
49	96	15
49	97	14
49	98	14
50	51	17
50	52	18
50	53	18
50	54	18
50	55	18
50	56	18
50	57	16
50	58	18
50	59	18
50	60	18
50	61	19
50	62	17
50	63	15
50	64	13
50	65	15
50	66	19
50	67	17
50	68	18
50	69	17
50	70	17
50	71	18
50	72	18
50	73	17
50	74	18
50	75	17
50	76	17
50	77	18
50	78	15
50	79	16
50	80	18
50	81	18
50	82	17
50	83	17
50	84	14
50	85	12
50	86	19
50	87	17
50	88	17
50	89	18
50	90	18
50	91	19
50	92	18
50	93	18
50	94	18
50	95	18
50	96	17
50	97	17
50	98	18
51	52	17
51	53	17
51	54	17
51	55	18
51	56	17
51	57	17
51	58	18
51	59	17
51	60	17
51	61	18
51	62	17
51	63	15
51	64	14
51	65	16
51	66	17
51	67	16
51	68	17
51	69	16
51	70	17
51	71	17
51	72	17
51	73	18
51	74	16
51	75	16
51	76	17
51	77	16
51	78	16
51	79	17
51	80	16
51	81	16
51	82	17
51	83	16
51	84	15
51	85	12
51	86	17
51	87	17
51	88	17
51	89	17
51	90	17
51	91	17
51	92	17
51	93	18
51	94	17
51	95	18
51	96	17
51	97	16
51	98	16
52	53	20
52	54	18
52	55	18
52	56	18
52	57	17
52	58	17
52	59	18
52	60	18
52	61	18
52	62	18
52	63	15
52	64	14
52	65	16
52	66	18
52	67	17
52	68	18
52	69	17
52	70	17
52	71	18
52	72	18
52	73	17
52	74	17
52	75	16
52	76	17
52	77	17
52	78	15
52	79	16
52	80	17
52	81	18
52	82	17
52	83	17
52	84	14
52	85	12
52	86	18
52	87	17
52	88	18
52	89	17
52	90	18
52	91	18
52	92	18
52	93	18
52	94	18
52	95	18
52	96	17
52	97	17
52	98	18
53	54	18
53	55	18
53	56	19
53	57	17
53	58	18
53	59	18
53	60	18
53	61	19
53	62	18
53	63	15
53	64	14
53	65	16
53	66	18
53	67	18
53	68	18
53	69	17
53	70	17
53	71	19
53	72	19
53	73	17
53	74	17
53	75	17
53	76	17
53	77	18
53	78	15
53	79	16
53	80	18
53	81	18
53	82	17
53	83	18
53	84	15
53	85	12
53	86	18
53	87	17
53	88	18
53	89	18
53	90	18
53	91	19
53	92	18
53	93	18
53	94	18
53	95	19
53	96	17
53	97	18
53	98	18
54	55	18
54	56	19
54	57	17
54	58	18
54	59	19
54	60	18
54	61	19
54	62	18
54	63	15
54	64	14
54	65	16
54	66	19
54	67	18
54	68	18
54	69	17
54	70	18
54	71	18
54	72	19
54	73	18
54	74	17
54	75	17
54	76	18
54	77	18
54	78	16
54	79	17
54	80	17
54	81	18
54	82	18
54	83	18
54	84	15
54	85	12
54	86	18
54	87	17
54	88	18
54	89	18
54	90	19
54	91	18
54	92	18
54	93	18
54	94	19
54	95	18
54	96	17
54	97	18
54	98	18
55	56	19
55	57	17
55	58	18
55	59	18
55	60	18
55	61	19
55	62	17
55	63	15
55	64	14
55	65	16
55	66	18
55	67	17
55	68	18
55	69	17
55	70	18
55	71	18
55	72	18
55	73	18
55	74	17
55	75	16
55	76	18
55	77	17
55	78	16
55	79	17
55	80	17
55	81	17
55	82	17
55	83	17
55	84	15
55	85	12
55	86	18
55	87	17
55	88	18
55	89	18
55	90	18
55	91	18
55	92	18
55	93	18
55	94	18
55	95	18
55	96	17
55	97	18
55	98	18
56	57	17
56	58	18
56	59	19
56	60	18
56	61	19
56	62	18
56	63	15
56	64	14
56	65	16
56	66	18
56	67	18
56	68	18
56	69	17
56	70	18
56	71	18
56	72	18
56	73	18
56	74	17
56	75	17
56	76	18
56	77	18
56	78	15
56	79	17
56	80	18
56	81	18
56	82	17
56	83	17
56	84	15
56	85	12
56	86	18
56	87	17
56	88	18
56	89	18
56	90	18
56	91	18
56	92	18
56	93	18
56	94	18
56	95	18
56	96	17
56	97	18
56	98	18
57	58	17
57	59	17
57	60	16
57	61	18
57	62	16
57	63	16
57	64	15
57	65	17
57	66	17
57	67	17
57	68	17
57	69	16
57	70	17
57	71	17
57	72	17
57	73	18
57	74	16
57	75	15
57	76	17
57	77	16
57	78	17
57	79	17
57	80	15
57	81	16
57	82	17
57	83	17
57	84	16
57	85	14
57	86	16
57	87	16
57	88	17
57	89	18
57	90	18
57	91	16
57	92	17
57	93	17
57	94	17
57	95	17
57	96	18
57	97	16
57	98	16
58	59	18
58	60	17
58	61	18
58	62	17
58	63	15
58	64	14
58	65	16
58	66	17
58	67	17
58	68	17
58	69	16
58	70	17
58	71	17
58	72	17
58	73	18
58	74	17
58	75	16
58	76	17
58	77	17
58	78	16
58	79	17
58	80	17
58	81	17
58	82	17
58	83	16
58	84	15
58	85	13
58	86	18
58	87	18
58	88	17
58	89	17
58	90	18
58	91	17
58	92	17
58	93	17
58	94	17
58	95	18
58	96	17
58	97	17
58	98	17
59	60	18
59	61	19
59	62	18
59	63	15
59	64	14
59	65	17
59	66	19
59	67	18
59	68	18
59	69	17
59	70	18
59	71	18
59	72	18
59	73	17
59	74	17
59	75	16
59	76	18
59	77	17
59	78	16
59	79	17
59	80	17
59	81	17
59	82	17
59	83	17
59	84	15
59	85	12
59	86	18
59	87	16
59	88	18
59	89	18
59	90	18
59	91	18
59	92	18
59	93	18
59	94	18
59	95	18
59	96	17
59	97	17
59	98	18
60	61	19
60	62	17
60	63	14
60	64	13
60	65	15
60	66	18
60	67	17
60	68	18
60	69	17
60	70	17
60	71	18
60	72	18
60	73	17
60	74	17
60	75	16
60	76	17
60	77	17
60	78	14
60	79	16
60	80	17
60	81	18
60	82	16
60	83	17
60	84	14
60	85	11
60	86	18
60	87	17
60	88	17
60	89	17
60	90	18
60	91	18
60	92	17
60	93	18
60	94	18
60	95	18
60	96	16
60	97	17
60	98	17
61	62	18
61	63	15
61	64	14
61	65	17
61	66	19
61	67	17
61	68	19
61	69	17
61	70	18
61	71	18
61	72	19
61	73	18
61	74	18
61	75	17
61	76	18
61	77	18
61	78	15
61	79	17
61	80	17
61	81	18
61	82	17
61	83	18
61	84	15
61	85	12
61	86	19
61	87	17
61	88	18
61	89	18
61	90	19
61	91	18
61	92	18
61	93	19
61	94	18
61	95	19
61	96	17
61	97	18
61	98	18
62	63	14
62	64	13
62	65	15
62	66	17
62	67	17
62	68	17
62	69	17
62	70	17
62	71	17
62	72	17
62	73	16
62	74	16
62	75	16
62	76	16
62	77	17
62	78	14
62	79	15
62	80	17
62	81	17
62	82	16
62	83	17
62	84	14
62	85	11
62	86	17
62	87	16
62	88	17
62	89	17
62	90	17
62	91	18
62	92	17
62	93	17
62	94	17
62	95	18
62	96	16
62	97	16
62	98	17
63	64	19
63	65	17
63	66	15
63	67	16
63	68	15
63	69	14
63	70	15
63	71	14
63	72	15
63	73	15
63	74	15
63	75	14
63	76	15
63	77	14
63	78	16
63	79	15
63	80	14
63	81	14
63	82	16
63	83	15
63	84	16
63	85	15
63	86	14
63	87	15
63	88	15
63	89	15
63	90	15
63	91	14
63	92	15
63	93	15
63	94	15
63	95	15
63	96	16
63	97	14
63	98	14
64	65	16
64	66	14
64	67	15
64	68	14
64	69	13
64	70	14
64	71	13
64	72	14
64	73	14
64	74	14
64	75	13
64	76	14
64	77	13
64	78	16
64	79	15
64	80	13
64	81	13
64	82	16
64	83	14
64	84	16
64	85	15
64	86	13
64	87	14
64	88	14
64	89	14
64	90	14
64	91	13
64	92	15
64	93	14
64	94	14
64	95	14
64	96	15
64	97	13
64	98	13
65	66	17
65	67	17
65	68	16
65	69	15
65	70	16
65	71	15
65	72	17
65	73	16
65	74	15
65	75	14
65	76	16
65	77	15
65	78	17
65	79	16
65	80	14
65	81	15
65	82	17
65	83	16
65	84	16
65	85	14
65	86	15
65	87	15
65	88	16
65	89	16
65	90	16
65	91	15
65	92	17
65	93	17
65	94	16
65	95	16
65	96	16
65	97	15
65	98	15
66	67	18
66	68	19
66	69	17
66	70	18
66	71	18
66	72	18
66	73	18
66	74	17
66	75	16
66	76	18
66	77	17
66	78	16
66	79	17
66	80	17
66	81	17
66	82	18
66	83	17
66	84	15
66	85	12
66	86	18
66	87	17
66	88	17
66	89	18
66	90	18
66	91	18
66	92	18
66	93	19
66	94	18
66	95	18
66	96	17
66	97	17
66	98	17
67	68	17
67	69	16
67	70	18
67	71	17
67	72	18
67	73	17
67	74	15
67	75	16
67	76	17
67	77	16
67	78	16
67	79	16
67	80	16
67	81	17
67	82	17
67	83	17
67	84	15
67	85	12
67	86	17
67	87	16
67	88	18
67	89	17
67	90	17
67	91	17
67	92	18
67	93	17
67	94	18
67	95	18
67	96	17
67	97	16
67	98	16
68	69	18
68	70	18
68	71	18
68	72	18
68	73	18
68	74	17
68	75	16
68	76	18
68	77	17
68	78	15
68	79	17
68	80	16
68	81	17
68	82	18
68	83	17
68	84	15
68	85	12
68	86	17
68	87	16
68	88	17
68	89	18
68	90	18
68	91	18
68	92	18
68	93	19
68	94	18
68	95	18
68	96	17
68	97	17
68	98	17
69	70	17
69	71	17
69	72	17
69	73	16
69	74	16
69	75	15
69	76	16
69	77	16
69	78	14
69	79	15
69	80	16
69	81	16
69	82	16
69	83	16
69	84	14
69	85	11
69	86	17
69	87	15
69	88	17
69	89	17
69	90	17
69	91	17
69	92	17
69	93	17
69	94	17
69	95	17
69	96	16
69	97	16
69	98	16
70	71	17
70	72	18
70	73	17
70	74	16
70	75	16
70	76	18
70	77	17
70	78	15
70	79	17
70	80	17
70	81	17
70	82	17
70	83	17
70	84	15
70	85	12
70	86	17
70	87	16
70	88	18
70	89	17
70	90	18
70	91	17
70	92	17
70	93	18
70	94	18
70	95	18
70	96	17
70	97	17
70	98	17
71	72	18
71	73	17
71	74	17
71	75	17
71	76	17
71	77	17
71	78	15
71	79	16
71	80	18
71	81	18
71	82	16
71	83	17
71	84	14
71	85	12
71	86	19
71	87	17
71	88	17
71	89	17
71	90	18
71	91	18
71	92	17
71	93	17
71	94	18
71	95	18
71	96	17
71	97	17
71	98	17
72	73	17
72	74	17
72	75	16
72	76	17
72	77	17
72	78	16
72	79	16
72	80	17
72	81	18
72	82	17
72	83	18
72	84	15
72	85	12
72	86	18
72	87	17
72	88	18
72	89	18
72	90	18
72	91	18
72	92	18
72	93	18
72	94	19
72	95	19
72	96	17
72	97	17
72	98	17
73	74	17
73	75	16
73	76	17
73	77	17
73	78	16
73	79	17
73	80	16
73	81	17
73	82	17
73	83	16
73	84	15
73	85	13
73	86	17
73	87	18
73	88	17
73	89	17
73	90	18
73	91	17
73	92	17
73	93	18
73	94	17
73	95	18
73	96	17
73	97	17
73	98	17
74	75	18
74	76	16
74	77	17
74	78	14
74	79	16
74	80	17
74	81	16
74	82	16
74	83	16
74	84	14
74	85	12
74	86	17
74	87	16
74	88	16
74	89	17
74	90	17
74	91	17
74	92	17
74	93	17
74	94	17
74	95	17
74	96	16
74	97	16
74	98	16
75	76	15
75	77	17
75	78	14
75	79	15
75	80	17
75	81	16
75	82	16
75	83	16
75	84	13
75	85	12
75	86	17
75	87	16
75	88	16
75	89	17
75	90	17
75	91	17
75	92	16
75	93	16
75	94	16
75	95	17
75	96	15
75	97	16
75	98	16
76	77	16
76	78	16
76	79	17
76	80	16
76	81	16
76	82	17
76	83	17
76	84	15
76	85	12
76	86	16
76	87	16
76	88	17
76	89	17
76	90	18
76	91	17
76	92	18
76	93	18
76	94	17
76	95	17
76	96	17
76	97	17
76	98	17
77	78	15
77	79	16
77	80	18
77	81	18
77	82	16
77	83	17
77	84	14
77	85	11
77	86	18
77	87	17
77	88	17
77	89	17
77	90	18
77	91	18
77	92	17
77	93	17
77	94	17
77	95	18
77	96	16
77	97	17
77	98	17
78	79	16
78	80	14
78	81	14
78	82	16
78	83	15
78	84	16
78	85	15
78	86	14
78	87	16
78	88	15
78	89	15
78	90	16
78	91	15
78	92	16
78	93	16
78	94	16
78	95	16
78	96	16
78	97	14
78	98	14
79	80	16
79	81	16
79	82	16
79	83	16
79	84	15
79	85	14
79	86	16
79	87	16
79	88	16
79	89	17
79	90	17
79	91	16
79	92	16
79	93	17
79	94	17
79	95	17
79	96	17
79	97	16
79	98	16
80	81	18
80	82	15
80	83	16
80	84	13
80	85	11
80	86	18
80	87	17
80	88	17
80	89	16
80	90	17
80	91	18
80	92	17
80	93	16
80	94	16
80	95	17
80	96	16
80	97	17
80	98	17
81	82	16
81	83	17
81	84	13
81	85	11
81	86	18
81	87	17
81	88	17
81	89	17
81	90	17
81	91	18
81	92	17
81	93	17
81	94	17
81	95	18
81	96	16
81	97	17
81	98	17
82	83	16
82	84	16
82	85	14
82	86	16
82	87	16
82	88	17
82	89	17
82	90	17
82	91	16
82	92	17
82	93	18
82	94	17
82	95	17
82	96	17
82	97	16
82	98	16
83	84	15
83	85	12
83	86	17
83	87	16
83	88	17
83	89	17
83	90	17
83	91	17
83	92	17
83	93	17
83	94	17
83	95	18
83	96	16
83	97	16
83	98	17
84	85	14
84	86	14
84	87	15
84	88	15
84	89	15
84	90	15
84	91	14
84	92	15
84	93	15
84	94	15
84	95	15
84	96	16
84	97	14
84	98	14
85	86	12
85	87	12
85	88	12
85	89	13
85	90	12
85	91	12
85	92	12
85	93	13
85	94	12
85	95	12
85	96	13
85	97	11
85	98	12
86	87	17
86	88	17
86	89	18
86	90	18
86	91	18
86	92	17
86	93	17
86	94	17
86	95	18
86	96	16
86	97	17
86	98	18
87	88	17
87	89	17
87	90	17
87	91	17
87	92	16
87	93	17
87	94	17
87	95	17
87	96	17
87	97	16
87	98	17
88	89	17
88	90	18
88	91	17
88	92	18
88	93	18
88	94	18
88	95	18
88	96	16
88	97	17
88	98	17
89	90	18
89	91	18
89	92	17
89	93	18
89	94	18
89	95	18
89	96	17
89	97	17
89	98	17
90	91	18
90	92	18
90	93	19
90	94	18
90	95	18
90	96	17
90	97	17
90	98	18
91	92	18
91	93	18
91	94	17
91	95	19
91	96	17
91	97	17
91	98	18
92	93	18
92	94	18
92	95	18
92	96	18
92	97	17
92	98	17
93	94	19
93	95	18
93	96	18
93	97	17
93	98	17
94	95	18
94	96	17
94	97	17
94	98	17
95	96	17
95	97	17
95	98	17
96	97	16
96	98	16
97	98	18
